Tempo;Carga;Distancia;Velocidade
0;79,0;3100;0
1;9,9;3100;1
2;9,9;3099;1
3;9,8;3099;2
4;9,8;3098;3
5;9,7;3097;3
6;9,6;3096;4
7;9,6;3095;4
8;9,5;3094;5
9;9,5;3092;6
10;9,4;3090;6
11;9,3;3088;7
12;9,3;3086;7
13;9,2;3084;8
14;9,2;3082;9
15;9,1;3079;9
16;9,0;3076;10
17;9,0;3074;10
18;8,9;3071;11
19;8,9;3067;11
20;8,8;3064;12
21;8,7;3061;12
22;8,7;3057;13
23;8,6;3053;14
24;8,6;3049;14
25;8,5;3045;15
26;8,4;3041;15
27;8,4;3037;16
28;8,3;3032;16
29;8,3;3028;17
30;8,2;3023;17
31;8,1;3018;18
32;8,1;3013;18
33;8,0;3008;18
34;8,0;3003;19
35;7,9;2997;19
36;7,8;2992;20
37;7,8;2986;20
38;7,7;2980;21
39;7,7;2974;21
40;7,6;2968;22
41;7,5;2962;22
42;7,5;2956;23
43;7,4;2950;23
44;7,4;2943;23
45;7,3;2937;24
46;7,2;2930;24
47;7,2;2923;25
48;7,1;2916;25
49;7,1;2909;25
50;7,0;2902;26
51;6,9;2894;26
52;6,9;2887;27
53;6,8;2879;27
54;6,8;2872;27
55;6,7;2864;28
56;6,6;2856;28
57;6,6;2848;29
58;6,5;2840;29
59;6,5;2832;29
60;6,4;2824;30
61;6,3;2816;30
62;6,3;2807;30
63;6,2;2799;31
64;6,2;2790;31
65;6,1;2781;31
66;6,0;2772;32
67;6,0;2764;32
68;5,9;2754;32
69;5,9;2745;33
70;5,8;2736;33
71;5,7;2727;33
72;5,7;2718;34
73;5,6;2708;34
74;5,6;2699;34
75;5,5;2689;35
76;5,4;2679;35
77;5,4;2669;35
78;5,3;2659;36
79;5,3;2650;36
80;5,2;2639;36
81;5,1;2629;36
82;5,1;2619;37
83;5,0;2609;37
84;5,0;2598;37
85;4,9;2588;38
86;4,8;2577;38
87;4,8;2567;38
88;4,7;2556;38
89;4,7;2545;39
90;4,6;2535;39
91;4,5;2524;39
92;4,5;2513;40
93;4,4;2502;40
94;4,4;2490;40
95;4,3;2479;40
96;4,2;2468;41
97;4,2;2457;41
98;4,1;2445;41
99;4,1;2434;41
100;4,0;2422;42