<<<<<<< HEAD
Tempo;Carga;Distancia;Velocidade
0;10,0;3100;0
1;9,9;3100;1
2;9,9;3099;1
3;9,8;3099;2
4;9,8;3098;3
5;9,7;3097;3
6;9,6;3096;4
7;9,6;3095;4
8;9,5;3094;5
9;9,5;3092;6
10;9,4;3090;6
11;9,3;3088;7
12;9,3;3086;7
13;9,3;3084;7
14;9,3;3082;7
15;9,3;3080;7
16;9,3;3078;7
17;9,3;3076;7
18;9,3;3074;7
19;9,3;3072;7
20;9,3;3070;7
21;9,2;3069;7
22;9,2;3067;7
23;9,2;3065;7
24;9,2;3063;7
25;9,1;3061;7
26;9,0;3059;8
27;9,0;3057;8
28;8,9;3054;9
29;8,9;3051;9
30;8,8;3049;10
31;8,7;3046;11
32;8,7;3043;11
33;8,6;3039;12
34;8,6;3036;12
35;8,5;3032;13
36;8,4;3029;13
37;8,4;3025;14
38;8,3;3021;14
39;8,3;3017;15
40;8,2;3013;15
41;8,1;3008;16
42;8,1;3004;16
43;8,0;2999;17
44;8,0;2994;17
45;8,0;2989;17
46;8,0;2985;17
47;8,0;2980;17
48;8,0;2975;17
49;8,0;2971;16
50;8,0;2966;16
51;7,9;2962;16
52;7,9;2957;16
53;7,9;2953;16
54;7,9;2949;16
55;7,9;2944;16
56;7,9;2940;15
57;7,9;2936;15
58;7,8;2932;15
59;7,8;2927;16
60;7,7;2923;16
61;7,6;2918;17
62;7,6;2913;17
63;7,5;2909;18
64;7,5;2904;18
65;7,4;2898;18
66;7,3;2893;19
67;7,3;2888;19
68;7,2;2882;20
69;7,2;2877;20
70;7,1;2871;21
71;7,0;2865;21
72;7,0;2859;22
73;7,0;2853;22
74;7,0;2847;22
75;7,0;2841;22
76;6,9;2835;21
77;6,9;2829;21
78;6,9;2823;21
79;6,9;2817;21
80;6,9;2811;21
81;6,9;2806;20
82;6,9;2800;20
83;6,9;2795;20
84;6,9;2789;20
85;6,9;2784;20
86;6,8;2778;19
87;6,8;2773;19
88;6,7;2767;20
89;6,7;2762;20
90;6,6;2756;21
91;6,5;2750;21
92;6,5;2744;21
=======
Tempo;Carga;Distancia;Velocidade
0;10,0;3100;0
1;9,9;3100;1
2;9,9;3099;1
3;9,8;3099;2
4;9,8;3098;3
5;9,7;3097;3
6;9,6;3096;4
7;9,6;3095;4
8;9,5;3094;5
9;9,5;3092;6
10;9,4;3090;6
11;9,3;3088;7
12;9,3;3086;7
13;9,3;3084;7
14;9,3;3082;7
15;9,3;3080;7
16;9,3;3078;7
17;9,3;3076;7
18;9,3;3074;7
19;9,3;3072;7
20;9,3;3070;7
21;9,2;3069;7
22;9,2;3067;7
23;9,2;3065;7
24;9,2;3063;7
25;9,1;3061;7
26;9,0;3059;8
27;9,0;3057;8
28;8,9;3054;9
29;8,9;3051;9
30;8,8;3049;10
31;8,7;3046;11
32;8,7;3043;11
33;8,6;3039;12
34;8,6;3036;12
35;8,5;3032;13
36;8,4;3029;13
37;8,4;3025;14
38;8,3;3021;14
39;8,3;3017;15
40;8,2;3013;15
41;8,1;3008;16
42;8,1;3004;16
43;8,0;2999;17
44;8,0;2994;17
45;8,0;2989;17
46;8,0;2985;17
47;8,0;2980;17
48;8,0;2975;17
49;8,0;2971;16
50;8,0;2966;16
51;7,9;2962;16
52;7,9;2957;16
53;7,9;2953;16
54;7,9;2949;16
55;7,9;2944;16
56;7,9;2940;15
57;7,9;2936;15
58;7,8;2932;15
59;7,8;2927;16
60;7,7;2923;16
61;7,6;2918;17
62;7,6;2913;17
63;7,5;2909;18
64;7,5;2904;18
65;7,4;2898;18
66;7,3;2893;19
67;7,3;2888;19
68;7,2;2882;20
69;7,2;2877;20
70;7,1;2871;21
71;7,0;2865;21
72;7,0;2859;22
73;7,0;2853;22
74;7,0;2847;22
75;7,0;2841;22
76;6,9;2835;21
77;6,9;2829;21
78;6,9;2823;21
79;6,9;2817;21
80;6,9;2811;21
81;6,9;2806;20
82;6,9;2800;20
83;6,9;2795;20
84;6,9;2789;20
85;6,9;2784;20
86;6,8;2778;19
87;6,8;2773;19
88;6,7;2767;20
89;6,7;2762;20
90;6,6;2756;21
91;6,5;2750;21
92;6,5;2744;21
>>>>>>> 4e0116bdf97e69d2e7d45904699c1607485d1cda
