<<<<<<< HEAD
Tempo;Carga;Distancia;Velocidade
0;10,0;3100;0
1;9,9;3100;1
2;9,9;3099;1
3;9,8;3099;2
4;9,8;3098;3
5;9,7;3097;3
6;9,6;3096;4
7;9,6;3095;4
8;9,5;3094;5
9;9,5;3092;6
10;9,4;3090;6
11;9,3;3088;7
12;9,3;3086;7
13;9,2;3084;8
14;9,2;3082;9
15;9,1;3079;9
16;9,0;3076;10
17;9,0;3074;10
18;8,9;3071;11
19;8,9;3067;11
20;8,8;3064;12
21;8,7;3061;12
22;8,7;3057;13
23;8,6;3053;14
24;8,6;3049;14
25;8,5;3045;15
26;8,4;3041;15
27;8,4;3037;16
28;8,3;3032;16
29;8,3;3028;17
30;8,3;3023;17
31;8,2;3018;17
32;8,2;3014;17
33;8,2;3009;17
34;8,2;3005;16
35;8,2;3000;16
36;8,2;2996;16
37;8,2;2991;16
38;8,2;2987;16
39;8,2;2982;16
40;8,2;2978;15
41;8,1;2974;15
42;8,0;2970;16
43;8,0;2965;16
44;7,9;2960;17
45;7,9;2956;17
46;7,8;2951;18
47;7,7;2946;18
48;7,7;2940;19
49;7,6;2935;19
50;7,6;2930;20
51;7,6;2924;19
52;7,6;2919;19
53;7,6;2914;19
54;7,6;2908;19
55;7,6;2903;19
56;7,5;2898;18
57;7,5;2893;18
58;7,5;2888;18
59;7,5;2883;18
60;7,5;2878;18
61;7,5;2873;18
62;7,5;2868;17
63;7,5;2864;17
64;7,5;2859;17
65;7,5;2854;17
66;7,4;2850;17
67;7,4;2845;17
68;7,4;2840;16
69;7,4;2836;16
70;7,4;2831;16
71;7,3;2827;16
72;7,3;2822;16
73;7,2;2818;17
74;7,2;2813;17
75;7,1;2808;18
76;7,0;2803;18
77;7,0;2798;19
78;6,9;2792;19
79;6,9;2787;20
80;6,8;2781;20
81;6,7;2776;21
82;6,7;2770;21
83;6,6;2764;22
84;6,6;2758;22
85;6,5;2751;22
86;6,4;2745;23
87;6,4;2739;23
88;6,3;2732;24
89;6,3;2725;24
90;6,2;2718;25
91;6,1;2712;25
92;6,1;2705;25
93;6,0;2697;26
94;6,0;2690;26
95;5,9;2683;27
96;5,8;2675;27
97;5,8;2668;27
98;5,7;2660;28
99;5,7;2652;28
100;5,6;2644;28
=======
Tempo;Carga;Distancia;Velocidade
0;10,0;3100;0
1;9,9;3100;1
2;9,9;3099;1
3;9,8;3099;2
4;9,8;3098;3
5;9,7;3097;3
6;9,6;3096;4
7;9,6;3095;4
8;9,5;3094;5
9;9,5;3092;6
10;9,4;3090;6
11;9,3;3088;7
12;9,3;3086;7
13;9,2;3084;8
14;9,2;3082;9
15;9,1;3079;9
16;9,0;3076;10
17;9,0;3074;10
18;8,9;3071;11
19;8,9;3067;11
20;8,8;3064;12
21;8,7;3061;12
22;8,7;3057;13
23;8,6;3053;14
24;8,6;3049;14
25;8,5;3045;15
26;8,4;3041;15
27;8,4;3037;16
28;8,3;3032;16
29;8,3;3028;17
30;8,3;3023;17
31;8,2;3018;17
32;8,2;3014;17
33;8,2;3009;17
34;8,2;3005;16
35;8,2;3000;16
36;8,2;2996;16
37;8,2;2991;16
38;8,2;2987;16
39;8,2;2982;16
40;8,2;2978;15
41;8,1;2974;15
42;8,0;2970;16
43;8,0;2965;16
44;7,9;2960;17
45;7,9;2956;17
46;7,8;2951;18
47;7,7;2946;18
48;7,7;2940;19
49;7,6;2935;19
50;7,6;2930;20
51;7,6;2924;19
52;7,6;2919;19
53;7,6;2914;19
54;7,6;2908;19
55;7,6;2903;19
56;7,5;2898;18
57;7,5;2893;18
58;7,5;2888;18
59;7,5;2883;18
60;7,5;2878;18
61;7,5;2873;18
62;7,5;2868;17
63;7,5;2864;17
64;7,5;2859;17
65;7,5;2854;17
66;7,4;2850;17
67;7,4;2845;17
68;7,4;2840;16
69;7,4;2836;16
70;7,4;2831;16
71;7,3;2827;16
72;7,3;2822;16
73;7,2;2818;17
74;7,2;2813;17
75;7,1;2808;18
76;7,0;2803;18
77;7,0;2798;19
78;6,9;2792;19
79;6,9;2787;20
80;6,8;2781;20
81;6,7;2776;21
82;6,7;2770;21
83;6,6;2764;22
84;6,6;2758;22
85;6,5;2751;22
86;6,4;2745;23
87;6,4;2739;23
88;6,3;2732;24
89;6,3;2725;24
90;6,2;2718;25
91;6,1;2712;25
92;6,1;2705;25
93;6,0;2697;26
94;6,0;2690;26
95;5,9;2683;27
96;5,8;2675;27
97;5,8;2668;27
98;5,7;2660;28
99;5,7;2652;28
100;5,6;2644;28
>>>>>>> 4e0116bdf97e69d2e7d45904699c1607485d1cda
