<<<<<<< HEAD
Tempo;Carga;Distancia;Velocidade
0;10,0;3100;0
1;10,0;3100;0
2;10,0;3100;0
3;10,0;3100;0
4;10,0;3100;0
5;10,0;3100;0
6;9,9;3100;0
7;9,9;3100;0
8;9,9;3100;0
9;9,9;3100;0
10;9,9;3100;0
11;9,9;3100;0
12;9,9;3100;0
13;9,9;3100;0
14;9,9;3100;0
15;9,9;3100;0
16;9,8;3100;0
17;9,8;3100;0
18;9,8;3100;0
19;9,8;3100;0
20;9,8;3100;0
21;9,8;3100;0
22;9,8;3100;0
23;9,8;3100;0
24;9,8;3100;0
25;9,8;3100;0
26;9,7;3100;0
27;9,7;3100;0
28;9,7;3100;0
29;9,7;3100;0
30;9,7;3100;0
31;9,7;3100;0
32;9,7;3100;0
33;9,7;3100;0
34;9,7;3100;0
35;9,7;3100;0
36;9,6;3100;0
37;9,6;3100;0
38;9,6;3100;0
39;9,6;3100;0
40;9,6;3100;0
41;9,6;3100;0
42;9,6;3100;0
43;9,6;3100;0
44;9,6;3100;0
45;9,6;3100;0
46;9,5;3100;0
47;9,5;3100;0
48;9,5;3100;0
49;9,5;3100;0
50;9,5;3100;0
51;9,4;3100;0
52;9,4;3100;1
53;9,3;3099;1
54;9,3;3099;2
55;9,2;3098;3
56;9,1;3097;3
57;9,1;3096;4
58;9,0;3095;4
59;9,0;3094;5
60;8,9;3092;6
61;8,8;3090;6
62;8,8;3088;7
63;8,7;3086;7
64;8,7;3084;8
65;8,6;3082;9
66;8,5;3079;9
67;8,5;3076;10
68;8,4;3074;10
69;8,4;3071;11
70;8,3;3067;11
71;8,2;3064;12
72;8,2;3061;12
73;8,1;3057;13
74;8,1;3053;14
75;8,0;3049;14
76;7,9;3045;15
77;7,9;3041;15
78;7,8;3037;16
79;7,8;3032;16
80;7,7;3028;17
81;7,6;3023;17
82;7,6;3018;18
83;7,5;3013;18
84;7,5;3008;18
85;7,4;3003;19
86;7,3;2997;19
87;7,3;2992;20
88;7,2;2986;20
89;7,2;2980;21
90;7,1;2974;21
91;7,0;2968;22
92;7,0;2962;22
93;6,9;2956;23
94;6,9;2950;23
95;6,8;2943;23
96;6,7;2937;24
97;6,7;2930;24
98;6,6;2923;25
99;6,6;2916;25
100;6,5;2909;25
=======
Tempo;Carga;Distancia;Velocidade
0;10,0;3100;0
1;10,0;3100;0
2;10,0;3100;0
3;10,0;3100;0
4;10,0;3100;0
5;10,0;3100;0
6;9,9;3100;0
7;9,9;3100;0
8;9,9;3100;0
9;9,9;3100;0
10;9,9;3100;0
11;9,9;3100;0
12;9,9;3100;0
13;9,9;3100;0
14;9,9;3100;0
15;9,9;3100;0
16;9,8;3100;0
17;9,8;3100;0
18;9,8;3100;0
19;9,8;3100;0
20;9,8;3100;0
21;9,8;3100;0
22;9,8;3100;0
23;9,8;3100;0
24;9,8;3100;0
25;9,8;3100;0
26;9,7;3100;0
27;9,7;3100;0
28;9,7;3100;0
29;9,7;3100;0
30;9,7;3100;0
31;9,7;3100;0
32;9,7;3100;0
33;9,7;3100;0
34;9,7;3100;0
35;9,7;3100;0
36;9,6;3100;0
37;9,6;3100;0
38;9,6;3100;0
39;9,6;3100;0
40;9,6;3100;0
41;9,6;3100;0
42;9,6;3100;0
43;9,6;3100;0
44;9,6;3100;0
45;9,6;3100;0
46;9,5;3100;0
47;9,5;3100;0
48;9,5;3100;0
49;9,5;3100;0
50;9,5;3100;0
51;9,4;3100;0
52;9,4;3100;1
53;9,3;3099;1
54;9,3;3099;2
55;9,2;3098;3
56;9,1;3097;3
57;9,1;3096;4
58;9,0;3095;4
59;9,0;3094;5
60;8,9;3092;6
61;8,8;3090;6
62;8,8;3088;7
63;8,7;3086;7
64;8,7;3084;8
65;8,6;3082;9
66;8,5;3079;9
67;8,5;3076;10
68;8,4;3074;10
69;8,4;3071;11
70;8,3;3067;11
71;8,2;3064;12
72;8,2;3061;12
73;8,1;3057;13
74;8,1;3053;14
75;8,0;3049;14
76;7,9;3045;15
77;7,9;3041;15
78;7,8;3037;16
79;7,8;3032;16
80;7,7;3028;17
81;7,6;3023;17
82;7,6;3018;18
83;7,5;3013;18
84;7,5;3008;18
85;7,4;3003;19
86;7,3;2997;19
87;7,3;2992;20
88;7,2;2986;20
89;7,2;2980;21
90;7,1;2974;21
91;7,0;2968;22
92;7,0;2962;22
93;6,9;2956;23
94;6,9;2950;23
95;6,8;2943;23
96;6,7;2937;24
97;6,7;2930;24
98;6,6;2923;25
99;6,6;2916;25
100;6,5;2909;25
>>>>>>> 4e0116bdf97e69d2e7d45904699c1607485d1cda
